,timestamp_iso_x,opc_pm25_x,pm25_env_x,opc_pm10_x,pm10_env_x,id,timestamp_iso_y,opc_pm25_y,pm25_env_y,opc_pm10_y,pm10_env_y
0,2025-10-07 17:23:46+00:00,0.0,11.0,0.0,16.0,1,2025-10-07 17:23:38+00:00,0.0,7.0,0.0,7.0
1,2025-10-07 17:23:51+00:00,5.6,9.0,6.307,13.0,2,2025-10-07 17:23:43+00:00,5.407,9.0,8.5,10.0
2,2025-10-07 17:23:56+00:00,5.204,7.0,5.872,10.0,3,2025-10-07 17:23:48+00:00,5.361,7.0,8.685,8.0
3,2025-10-07 17:24:01+00:00,4.087,7.0,4.946,10.0,4,2025-10-07 17:23:53+00:00,4.64,9.0,15.194,9.0
4,2025-10-07 17:24:06+00:00,5.545,6.0,7.665,9.0,5,2025-10-07 17:23:58+00:00,4.54,9.0,9.433,10.0
5,2025-10-07 17:24:11+00:00,5.062,5.0,6.781,8.0,6,2025-10-07 17:24:03+00:00,4.965,10.0,66.022,10.0
6,2025-10-07 17:24:16+00:00,3.016,5.0,3.695,8.0,7,2025-10-07 17:24:08+00:00,2.342,10.0,2.405,10.0
7,2025-10-07 17:24:23+00:00,5.138,6.0,16.72,8.0,8,2025-10-07 17:24:13+00:00,5.131,11.0,7.757,11.0
8,2025-10-07 17:23:05+00:00,4.227,7.0,17.65,8.0,9,2025-10-07 17:24:18+00:00,4.597,10.0,8.25,10.0
9,2025-10-07 17:23:10+00:00,7.71,7.0,15.516,9.0,10,2025-10-07 17:24:23+00:00,4.769,12.0,6.569,12.0
10,2025-10-07 17:23:15+00:00,3.709,7.0,5.296,9.0,11,2025-10-07 17:24:28+00:00,4.338,12.0,13.877,12.0
11,2025-10-07 17:23:20+00:00,5.007,8.0,7.146,9.0,12,2025-10-07 17:24:33+00:00,1.321,12.0,1.33,12.0
12,2025-10-07 17:23:25+00:00,3.743,9.0,40.37,10.0,13,2025-10-07 17:24:38+00:00,4.914,12.0,8.969,12.0
13,2025-10-07 17:23:30+00:00,7.086,9.0,17.568,10.0,14,2025-10-07 17:24:43+00:00,2.381,11.0,2.464,11.0
14,2025-10-07 17:23:35+00:00,2.792,8.0,4.386,9.0,15,2025-10-07 17:24:48+00:00,4.088,11.0,7.602,11.0
15,2025-10-07 17:23:40+00:00,7.719,7.0,21.51,8.0,16,2025-10-07 17:24:53+00:00,6.006,11.0,17.72,11.0
16,2025-10-07 17:23:45+00:00,4.288,8.0,8.637,9.0,17,2025-10-07 17:24:58+00:00,2.322,10.0,16.554,10.0
17,2025-10-07 17:23:50+00:00,2.804,8.0,2.99,9.0,18,2025-10-07 17:25:03+00:00,4.432,11.0,8.602,11.0
18,2025-10-07 17:23:55+00:00,5.087,8.0,7.995,9.0,19,2025-10-07 17:25:08+00:00,5.317,9.0,10.069,9.0
19,2025-10-07 17:24:00+00:00,5.708,8.0,11.697,10.0,20,2025-10-07 17:25:13+00:00,3.278,11.0,11.578,11.0
20,2025-10-07 17:24:05+00:00,5.599,8.0,39.409,11.0,21,2025-10-07 17:25:18+00:00,2.945,10.0,3.426,10.0
21,2025-10-07 17:24:10+00:00,3.767,8.0,13.915,11.0,22,2025-10-07 17:25:23+00:00,3.18,10.0,4.49,11.0
22,2025-10-07 17:24:15+00:00,2.363,7.0,3.593,9.0,23,2025-10-07 17:25:28+00:00,3.392,11.0,4.891,11.0
23,2025-10-07 17:24:20+00:00,5.793,6.0,8.165,8.0,24,2025-10-07 17:25:38+00:00,5.573,11.0,21.257,11.0
24,2025-10-07 17:24:25+00:00,6.351,6.0,19.799,8.0,25,2025-10-07 17:24:29+00:00,4.322,9.0,5.902,10.0
25,2025-10-07 17:24:30+00:00,3.843,6.0,4.749,8.0,26,2025-10-07 17:24:34+00:00,5.162,11.0,11.656,11.0
26,2025-10-07 17:24:35+00:00,3.101,7.0,3.496,8.0,27,2025-10-07 17:24:39+00:00,3.765,12.0,7.039,12.0
27,2025-10-07 17:24:40+00:00,5.232,7.0,8.474,8.0,28,2025-10-07 17:24:44+00:00,2.901,10.0,3.215,10.0
28,2025-10-07 17:24:45+00:00,4.714,7.0,12.639,8.0,29,2025-10-07 17:24:49+00:00,4.554,12.0,33.22,13.0
29,2025-10-07 17:24:50+00:00,3.493,6.0,5.028,9.0,30,2025-10-07 17:24:54+00:00,2.57,12.0,2.698,13.0
30,2025-10-07 17:24:55+00:00,7.042,6.0,13.827,8.0,31,2025-10-07 17:24:59+00:00,6.342,11.0,20.159,13.0
31,2025-10-07 17:25:00+00:00,6.987,5.0,9.104,6.0,32,2025-10-07 17:25:04+00:00,4.6,11.0,6.759,13.0
32,2025-10-07 17:25:05+00:00,2.341,5.0,3.481,6.0,33,2025-10-07 17:25:09+00:00,2.379,10.0,3.363,12.0
33,2025-10-07 17:25:10+00:00,2.519,6.0,3.721,6.0,34,2025-10-07 17:25:14+00:00,2.713,11.0,28.606,13.0
34,2025-10-07 17:25:15+00:00,2.143,7.0,2.443,7.0,35,2025-10-07 17:25:19+00:00,3.226,10.0,16.265,10.0
35,2025-10-07 17:25:20+00:00,3.839,7.0,5.307,7.0,36,2025-10-07 17:25:24+00:00,2.396,10.0,2.643,11.0
36,2025-10-07 17:25:25+00:00,3.433,7.0,12.726,7.0,37,2025-10-07 17:25:29+00:00,2.129,13.0,2.647,13.0
37,2025-10-07 17:25:30+00:00,5.604,7.0,9.381,7.0,38,2025-10-07 17:25:34+00:00,2.224,12.0,9.001,12.0
38,2025-10-07 17:25:35+00:00,4.175,7.0,6.727,7.0,39,2025-10-07 17:25:39+00:00,3.102,12.0,10.363,13.0
39,2025-10-07 17:25:40+00:00,3.331,7.0,5.042,7.0,40,2025-10-07 17:25:44+00:00,2.058,11.0,4.532,12.0
40,2025-10-07 17:25:45+00:00,2.321,7.0,5.591,7.0,41,2025-10-07 17:25:49+00:00,4.525,11.0,13.882,12.0
41,2025-10-07 17:25:50+00:00,2.372,6.0,3.444,7.0,42,2025-10-07 17:25:54+00:00,3.615,11.0,5.433,11.0
42,2025-10-07 17:25:55+00:00,5.237,6.0,7.121,6.0,43,2025-10-07 17:25:59+00:00,3.572,10.0,11.462,11.0
43,2025-10-07 17:26:00+00:00,2.632,5.0,3.732,5.0,44,2025-10-07 17:26:04+00:00,5.111,11.0,15.879,11.0
44,2025-10-07 17:26:05+00:00,3.285,5.0,4.785,5.0,45,2025-10-07 17:26:09+00:00,4.339,10.0,5.494,10.0
45,2025-10-07 17:26:10+00:00,3.798,6.0,28.708,6.0,46,2025-10-07 17:26:14+00:00,1.881,12.0,1.994,12.0
46,2025-10-07 17:26:15+00:00,1.758,5.0,1.83,5.0,47,2025-10-07 17:26:19+00:00,6.026,11.0,41.31,12.0
47,2025-10-07 17:26:20+00:00,3.281,5.0,4.591,6.0,48,2025-10-07 17:26:24+00:00,4.92,11.0,31.593,11.0
48,2025-10-07 17:26:25+00:00,3.11,5.0,4.466,6.0,49,2025-10-07 17:26:29+00:00,2.934,12.0,3.972,14.0
49,2025-10-07 17:26:30+00:00,4.094,6.0,43.496,7.0,50,2025-10-07 17:26:34+00:00,6.633,12.0,30.129,16.0
50,2025-10-07 17:26:35+00:00,2.726,6.0,3.267,7.0,51,2025-10-07 17:26:39+00:00,2.123,11.0,29.912,14.0
51,2025-10-07 17:26:40+00:00,2.493,6.0,18.608,6.0,52,2025-10-07 17:26:44+00:00,3.032,12.0,4.162,14.0
52,2025-10-07 17:26:45+00:00,2.874,6.0,3.944,6.0,53,2025-10-07 17:26:49+00:00,6.11,10.0,14.082,12.0
53,2025-10-07 17:26:50+00:00,6.069,6.0,9.89,6.0,54,2025-10-07 17:26:54+00:00,4.539,11.0,8.157,13.0
54,2025-10-07 17:26:55+00:00,3.278,6.0,3.661,6.0,55,2025-10-07 17:26:59+00:00,4.022,10.0,5.909,12.0
55,2025-10-07 17:27:00+00:00,4.635,7.0,7.183,8.0,56,2025-10-07 17:27:04+00:00,3.49,11.0,16.385,12.0
56,2025-10-07 17:27:05+00:00,2.372,7.0,2.511,8.0,57,2025-10-07 17:27:09+00:00,5.173,10.0,11.404,11.0
57,2025-10-07 17:27:10+00:00,2.467,7.0,3.707,7.0,58,2025-10-07 17:27:14+00:00,4.065,11.0,17.03,12.0
58,2025-10-07 17:27:15+00:00,4.072,6.0,7.598,6.0,59,2025-10-07 17:27:19+00:00,3.721,9.0,3.853,10.0
59,2025-10-07 17:27:20+00:00,6.908,6.0,22.599,6.0,60,2025-10-07 17:27:24+00:00,4.043,10.0,9.167,10.0
60,2025-10-07 17:27:25+00:00,5.016,7.0,10.207,7.0,61,2025-10-07 17:27:29+00:00,4.391,10.0,7.519,10.0
61,2025-10-07 17:27:30+00:00,2.796,7.0,2.907,7.0,62,2025-10-07 17:27:34+00:00,2.9,10.0,29.29,10.0
62,2025-10-07 17:27:35+00:00,6.204,7.0,9.016,7.0,63,2025-10-07 17:27:39+00:00,3.146,9.0,11.853,9.0
63,2025-10-07 17:27:40+00:00,4.515,6.0,8.406,6.0,64,2025-10-07 17:27:44+00:00,2.812,10.0,20.899,10.0
64,2025-10-07 17:27:45+00:00,3.693,5.0,5.05,6.0,65,2025-10-07 17:27:49+00:00,4.139,9.0,6.046,9.0
65,2025-10-07 17:27:50+00:00,4.038,6.0,4.838,6.0,66,2025-10-07 17:27:54+00:00,3.776,9.0,42.533,9.0
66,2025-10-07 17:27:55+00:00,5.956,6.0,8.81,6.0,67,2025-10-07 17:27:59+00:00,3.878,9.0,20.724,9.0
67,2025-10-07 17:28:00+00:00,5.477,7.0,7.598,7.0,68,2025-10-07 17:28:04+00:00,3.151,9.0,9.845,9.0
68,2025-10-07 17:28:05+00:00,3.905,7.0,4.383,7.0,69,2025-10-07 17:28:09+00:00,2.365,10.0,8.586,11.0
69,2025-10-07 17:28:10+00:00,3.961,6.0,8.345,7.0,70,2025-10-07 17:28:14+00:00,3.718,9.0,17.02,9.0
70,2025-10-07 17:28:15+00:00,4.921,6.0,19.021,7.0,71,2025-10-07 17:28:19+00:00,3.738,7.0,17.163,8.0
71,2025-10-07 17:28:20+00:00,2.71,5.0,6.137,6.0,72,2025-10-07 17:28:24+00:00,3.486,8.0,4.654,8.0
72,2025-10-07 17:28:25+00:00,4.023,5.0,7.729,6.0,73,2025-10-07 17:28:29+00:00,2.202,7.0,2.603,8.0
73,2025-10-07 17:28:30+00:00,5.868,6.0,18.071,6.0,74,2025-10-07 17:28:34+00:00,3.135,8.0,18.106,8.0
74,2025-10-07 17:28:35+00:00,2.184,6.0,2.463,6.0,75,2025-10-07 17:28:39+00:00,3.55,8.0,7.134,8.0
75,2025-10-07 17:28:40+00:00,3.7,6.0,8.115,6.0,76,2025-10-07 17:28:44+00:00,3.21,9.0,4.411,10.0
76,2025-10-07 17:28:45+00:00,2.626,6.0,3.867,7.0,77,2025-10-07 17:28:49+00:00,2.814,10.0,5.55,11.0
77,2025-10-07 17:28:50+00:00,1.938,6.0,2.897,7.0,78,2025-10-07 17:28:54+00:00,2.228,9.0,3.204,11.0
78,2025-10-07 17:28:55+00:00,3.636,5.0,4.623,7.0,79,2025-10-07 17:28:59+00:00,2.641,9.0,5.265,10.0
79,2025-10-07 17:29:00+00:00,4.521,5.0,7.025,6.0,80,2025-10-07 17:29:04+00:00,2.813,9.0,9.243,12.0
80,2025-10-07 17:29:05+00:00,2.685,5.0,3.941,6.0,81,2025-10-07 17:29:09+00:00,2.512,8.0,3.079,10.0
81,2025-10-07 17:29:10+00:00,2.86,5.0,3.204,7.0,82,2025-10-07 17:29:14+00:00,3.385,8.0,15.099,10.0
82,2025-10-07 17:29:15+00:00,2.626,5.0,2.93,7.0,83,2025-10-07 17:29:19+00:00,3.263,6.0,10.544,9.0
83,2025-10-07 17:29:20+00:00,3.79,5.0,44.934,5.0,84,2025-10-07 17:29:24+00:00,2.836,7.0,9.482,10.0
84,2025-10-07 17:29:25+00:00,3.335,5.0,39.856,5.0,85,2025-10-07 17:29:29+00:00,3.011,6.0,3.332,6.0
85,2025-10-07 17:29:30+00:00,2.314,5.0,2.793,6.0,86,2025-10-07 17:29:34+00:00,3.048,7.0,3.653,7.0
86,2025-10-07 17:29:35+00:00,3.241,5.0,4.554,7.0,87,2025-10-07 17:29:39+00:00,2.825,8.0,3.389,8.0
87,2025-10-07 17:29:40+00:00,2.253,5.0,2.567,6.0,88,2025-10-07 17:29:44+00:00,4.287,10.0,13.975,10.0
88,2025-10-07 17:29:45+00:00,2.363,5.0,2.684,6.0,89,2025-10-07 17:29:49+00:00,4.608,10.0,7.326,10.0
89,2025-10-07 17:29:50+00:00,1.782,5.0,2.058,5.0,90,2025-10-07 17:29:54+00:00,3.554,10.0,6.738,10.0
90,2025-10-07 17:29:55+00:00,2.936,4.0,5.111,5.0,91,2025-10-07 17:29:59+00:00,5.494,10.0,11.745,10.0
91,2025-10-07 17:30:00+00:00,4.802,4.0,12.138,4.0,92,2025-10-07 17:30:04+00:00,1.965,10.0,2.2,10.0
92,2025-10-07 17:30:05+00:00,4.737,5.0,7.348,5.0,93,2025-10-07 17:30:09+00:00,3.901,8.0,9.122,8.0
93,2025-10-07 17:30:10+00:00,5.592,5.0,10.051,5.0,94,2025-10-07 17:30:14+00:00,2.609,7.0,4.144,7.0
94,2025-10-07 17:30:15+00:00,2.718,5.0,19.545,5.0,95,2025-10-07 17:30:19+00:00,3.283,8.0,10.194,8.0
95,2025-10-07 17:30:20+00:00,2.813,4.0,4.322,5.0,96,2025-10-07 17:30:24+00:00,2.04,7.0,26.795,8.0
96,2025-10-07 17:30:25+00:00,4.132,4.0,8.051,5.0,97,2025-10-07 17:30:29+00:00,3.955,7.0,7.618,8.0
97,2025-10-07 17:30:30+00:00,4.013,4.0,8.407,5.0,98,2025-10-07 17:30:34+00:00,4.613,7.0,12.875,8.0
98,2025-10-07 17:30:35+00:00,3.095,5.0,5.343,6.0,99,2025-10-07 17:30:39+00:00,4.949,9.0,22.13,10.0
99,2025-10-07 17:30:40+00:00,1.206,5.0,1.432,6.0,100,2025-10-07 17:30:44+00:00,3.631,9.0,7.32,10.0
100,2025-10-07 17:30:45+00:00,3.728,6.0,8.05,6.0,101,2025-10-07 17:30:49+00:00,3.251,10.0,4.627,10.0
101,2025-10-07 17:30:50+00:00,1.706,5.0,1.971,5.0,102,2025-10-07 17:30:54+00:00,1.999,10.0,2.247,10.0
102,2025-10-07 17:30:55+00:00,2.073,4.0,2.348,5.0,103,2025-10-07 17:30:59+00:00,2.15,10.0,23.59,10.0
103,2025-10-07 17:31:00+00:00,2.719,5.0,4.005,5.0,104,2025-10-07 17:31:04+00:00,2.365,9.0,3.404,9.0
104,2025-10-07 17:31:05+00:00,1.754,5.0,1.988,6.0,105,2025-10-07 17:31:09+00:00,3.906,9.0,18.716,9.0
105,2025-10-07 17:31:10+00:00,4.035,5.0,15.504,6.0,106,2025-10-07 17:31:14+00:00,3.828,9.0,11.095,9.0
106,2025-10-07 17:31:15+00:00,1.707,5.0,1.776,6.0,107,2025-10-07 17:31:19+00:00,1.926,8.0,2.154,8.0
107,2025-10-07 17:31:20+00:00,2.58,7.0,18.324,7.0,108,2025-10-07 17:31:24+00:00,2.469,8.0,3.391,8.0
108,2025-10-07 17:31:25+00:00,4.936,7.0,17.503,7.0,109,2025-10-07 17:31:29+00:00,2.985,8.0,3.577,8.0
109,2025-10-07 17:31:30+00:00,2.403,6.0,2.875,7.0,110,2025-10-07 17:31:34+00:00,1.952,8.0,11.315,8.0
110,2025-10-07 17:31:35+00:00,1.81,5.0,4.84,6.0,111,2025-10-07 17:31:39+00:00,4.287,8.0,10.109,8.0
111,2025-10-07 17:31:40+00:00,2.846,5.0,3.398,6.0,112,2025-10-07 17:31:44+00:00,1.533,8.0,1.596,8.0
112,2025-10-07 17:31:45+00:00,3.267,5.0,4.749,6.0,113,2025-10-07 17:31:49+00:00,2.716,8.0,3.761,8.0
113,2025-10-07 17:31:50+00:00,3.816,6.0,10.48,6.0,114,2025-10-07 17:31:54+00:00,2.748,9.0,3.354,9.0
114,2025-10-07 17:31:55+00:00,2.388,6.0,2.883,6.0,115,2025-10-07 17:31:59+00:00,2.714,9.0,2.994,9.0
115,2025-10-07 17:32:00+00:00,3.846,6.0,15.87,6.0,116,2025-10-07 17:32:04+00:00,4.022,9.0,7.226,9.0
116,2025-10-07 17:32:05+00:00,1.868,5.0,1.999,5.0,117,2025-10-07 17:32:09+00:00,2.025,8.0,2.407,8.0
117,2025-10-07 17:32:10+00:00,2.247,5.0,10.001,5.0,118,2025-10-07 17:32:14+00:00,2.422,10.0,2.861,12.0
118,2025-10-07 17:32:15+00:00,2.786,5.0,3.087,5.0,119,2025-10-07 17:32:19+00:00,2.808,10.0,5.546,11.0
119,2025-10-07 17:32:20+00:00,2.702,4.0,18.394,5.0,120,2025-10-07 17:32:24+00:00,4.24,9.0,8.553,11.0
120,2025-10-07 17:32:25+00:00,2.159,4.0,3.354,4.0,121,2025-10-07 17:32:29+00:00,4.382,9.0,10.986,11.0
121,2025-10-07 17:32:30+00:00,3.659,4.0,5.368,4.0,122,2025-10-07 17:32:34+00:00,2.825,10.0,6.2,11.0
122,2025-10-07 17:32:35+00:00,2.79,3.0,11.695,3.0,123,2025-10-07 17:32:39+00:00,2.529,9.0,33.656,9.0
123,2025-10-07 17:32:40+00:00,1.686,4.0,4.776,4.0,124,2025-10-07 17:32:44+00:00,2.985,9.0,17.533,9.0
124,2025-10-07 17:32:45+00:00,2.657,4.0,3.699,4.0,125,2025-10-07 17:32:49+00:00,2.172,8.0,4.801,8.0
125,2025-10-07 17:32:50+00:00,2.747,4.0,10.783,5.0,126,2025-10-07 17:32:54+00:00,3.617,8.0,5.718,8.0
126,2025-10-07 17:32:55+00:00,3.064,4.0,10.999,5.0,127,2025-10-07 17:32:59+00:00,1.69,7.0,1.925,7.0
127,2025-10-07 17:33:00+00:00,2.062,4.0,3.205,6.0,128,2025-10-07 17:33:04+00:00,2.465,6.0,5.864,6.0
128,2025-10-07 17:33:05+00:00,2.707,4.0,3.379,5.0,129,2025-10-07 17:33:09+00:00,2.086,6.0,2.464,6.0
129,2025-10-07 17:33:10+00:00,2.623,5.0,3.12,5.0,130,2025-10-07 17:33:14+00:00,3.322,7.0,20.494,7.0
130,2025-10-07 17:33:15+00:00,4.164,5.0,8.855,5.0,131,2025-10-07 17:33:19+00:00,1.052,7.0,1.06,7.0
131,2025-10-07 17:33:20+00:00,2.469,5.0,2.652,5.0,132,2025-10-07 17:33:24+00:00,3.216,9.0,6.659,9.0
132,2025-10-07 17:33:25+00:00,3.535,4.0,4.88,4.0,133,2025-10-07 17:33:29+00:00,1.752,10.0,1.858,10.0
133,2025-10-07 17:33:30+00:00,2.589,4.0,3.902,4.0,134,2025-10-07 17:33:34+00:00,3.262,9.0,36.739,10.0
134,2025-10-07 17:33:35+00:00,4.66,5.0,7.335,5.0,135,2025-10-07 17:33:39+00:00,1.796,10.0,2.021,11.0
135,2025-10-07 17:33:40+00:00,1.116,5.0,1.151,5.0,136,2025-10-07 17:33:44+00:00,4.326,10.0,8.692,10.0
136,2025-10-07 17:33:45+00:00,1.374,5.0,1.417,5.0,137,2025-10-07 17:33:49+00:00,3.233,10.0,5.157,10.0
137,2025-10-07 17:33:50+00:00,0.468,4.0,0.468,4.0,138,2025-10-07 17:33:54+00:00,4.575,8.0,35.665,9.0
138,2025-10-07 17:33:55+00:00,3.437,4.0,4.18,4.0,139,2025-10-07 17:33:59+00:00,4.944,6.0,15.64,6.0
139,2025-10-07 17:34:00+00:00,3.691,4.0,8.431,4.0,140,2025-10-07 17:34:04+00:00,3.131,5.0,4.416,5.0
140,2025-10-07 17:34:05+00:00,1.717,3.0,2.708,4.0,141,2025-10-07 17:34:09+00:00,4.218,7.0,25.496,7.0
141,2025-10-07 17:34:10+00:00,5.981,3.0,11.039,4.0,142,2025-10-07 17:34:14+00:00,4.67,7.0,8.855,7.0
142,2025-10-07 17:34:15+00:00,2.313,4.0,10.268,4.0,143,2025-10-07 17:34:19+00:00,2.925,8.0,3.549,8.0
143,2025-10-07 17:34:20+00:00,3.194,5.0,6.639,5.0,144,2025-10-07 17:34:24+00:00,3.641,8.0,6.887,8.0
144,2025-10-07 17:34:25+00:00,1.655,5.0,1.915,5.0,145,2025-10-07 17:34:29+00:00,3.328,9.0,7.137,9.0
145,2025-10-07 17:34:30+00:00,1.906,4.0,2.934,5.0,146,2025-10-07 17:34:34+00:00,3.73,8.0,26.272,8.0
146,2025-10-07 17:34:35+00:00,4.183,4.0,6.839,5.0,147,2025-10-07 17:34:39+00:00,2.395,8.0,2.962,8.0
147,2025-10-07 17:34:40+00:00,5.008,4.0,27.447,5.0,148,2025-10-07 17:34:44+00:00,3.165,6.0,10.835,6.0
148,2025-10-07 17:34:45+00:00,2.181,4.0,18.257,5.0,149,2025-10-07 17:34:49+00:00,2.669,7.0,3.714,7.0
149,2025-10-07 17:34:50+00:00,2.68,5.0,4.006,6.0,150,2025-10-07 17:34:54+00:00,3.452,7.0,6.926,7.0
150,2025-10-07 17:34:55+00:00,2.056,5.0,2.527,6.0,151,2025-10-07 17:34:59+00:00,2.775,9.0,5.628,9.0
151,2025-10-07 17:35:00+00:00,4.277,5.0,9.01,5.0,152,2025-10-07 17:35:04+00:00,3.738,9.0,11.331,9.0
152,2025-10-07 17:35:05+00:00,4.339,4.0,23.689,4.0,153,2025-10-07 17:35:09+00:00,2.198,10.0,2.599,10.0
153,2025-10-07 17:35:10+00:00,1.692,4.0,1.969,4.0,154,2025-10-07 17:35:14+00:00,2.395,9.0,9.787,9.0
154,2025-10-07 17:35:15+00:00,3.291,3.0,12.265,3.0,155,2025-10-07 17:35:19+00:00,2.298,9.0,11.252,9.0
155,2025-10-07 17:35:20+00:00,1.369,3.0,1.645,3.0,156,2025-10-07 17:35:24+00:00,2.288,9.0,2.867,9.0
156,2025-10-07 17:35:25+00:00,1.258,4.0,1.299,4.0,157,2025-10-07 17:35:29+00:00,1.496,9.0,1.704,9.0
157,2025-10-07 17:35:30+00:00,2.092,4.0,3.148,4.0,158,2025-10-07 17:35:34+00:00,2.721,9.0,5.575,9.0
158,2025-10-07 17:35:35+00:00,3.556,4.0,5.871,4.0,159,2025-10-07 17:35:39+00:00,3.64,9.0,4.902,11.0
159,2025-10-07 17:35:40+00:00,3.654,3.0,18.979,3.0,160,2025-10-07 17:35:44+00:00,3.583,10.0,10.616,12.0
160,2025-10-07 17:35:45+00:00,3.535,2.0,5.295,2.0,161,2025-10-07 17:35:49+00:00,1.669,9.0,8.452,10.0
161,2025-10-07 17:35:50+00:00,0.926,2.0,0.927,2.0,162,2025-10-07 17:35:54+00:00,1.884,10.0,22.803,11.0
162,2025-10-07 17:35:55+00:00,3.27,3.0,4.785,3.0,163,2025-10-07 17:35:59+00:00,3.687,9.0,17.332,10.0
163,2025-10-07 17:36:00+00:00,2.416,4.0,19.017,5.0,164,2025-10-07 17:36:04+00:00,2.034,8.0,2.156,8.0
164,2025-10-07 17:36:05+00:00,3.633,4.0,41.335,6.0,165,2025-10-07 17:36:09+00:00,2.614,8.0,3.189,8.0
165,2025-10-07 17:36:10+00:00,3.793,4.0,5.36,5.0,166,2025-10-07 17:36:14+00:00,2.76,9.0,10.07,9.0
166,2025-10-07 17:36:15+00:00,2.654,4.0,3.74,4.0,167,2025-10-07 17:36:19+00:00,2.961,9.0,4.712,9.0
167,2025-10-07 17:36:20+00:00,1.683,4.0,1.938,5.0,168,2025-10-07 17:36:24+00:00,3.006,9.0,6.408,9.0
168,2025-10-07 17:36:25+00:00,3.479,4.0,5.653,6.0,169,2025-10-07 17:36:29+00:00,2.126,9.0,2.389,9.0
169,2025-10-07 17:36:30+00:00,2.876,4.0,3.593,6.0,170,2025-10-07 17:36:34+00:00,2.099,9.0,2.949,9.0
170,2025-10-07 17:36:35+00:00,2.388,4.0,5.842,5.0,171,2025-10-07 17:36:39+00:00,3.301,8.0,9.928,8.0
171,2025-10-07 17:36:40+00:00,1.094,4.0,1.132,5.0,172,2025-10-07 17:36:44+00:00,2.787,7.0,10.271,7.0
172,2025-10-07 17:36:45+00:00,3.005,4.0,4.417,5.0,173,2025-10-07 17:36:49+00:00,2.723,7.0,4.42,7.0
173,2025-10-07 17:36:50+00:00,3.359,3.0,5.648,5.0,174,2025-10-07 17:36:54+00:00,3.184,7.0,10.514,7.0
174,2025-10-07 17:36:55+00:00,1.619,3.0,1.869,5.0,175,2025-10-07 17:36:59+00:00,4.069,7.0,7.211,7.0
175,2025-10-07 17:37:00+00:00,2.088,4.0,9.998,5.0,176,2025-10-07 17:37:04+00:00,3.515,8.0,13.266,8.0
176,2025-10-07 17:37:05+00:00,3.248,4.0,11.032,5.0,177,2025-10-07 17:37:09+00:00,2.331,8.0,8.968,8.0
177,2025-10-07 17:37:10+00:00,2.816,3.0,11.426,6.0,178,2025-10-07 17:37:14+00:00,3.687,8.0,13.694,8.0
178,2025-10-07 17:37:15+00:00,0.822,3.0,0.853,6.0,179,2025-10-07 17:37:19+00:00,2.796,8.0,3.87,9.0
179,2025-10-07 17:37:20+00:00,2.197,3.0,5.266,6.0,180,2025-10-07 17:37:24+00:00,3.041,8.0,24.134,9.0
180,2025-10-07 17:37:25+00:00,2.828,4.0,4.671,5.0,181,2025-10-07 17:37:29+00:00,3.469,7.0,10.41,8.0
181,2025-10-07 17:37:30+00:00,2.75,4.0,5.831,4.0,182,2025-10-07 17:37:34+00:00,1.76,8.0,1.976,8.0
182,2025-10-07 17:37:35+00:00,1.639,3.0,1.732,3.0,183,2025-10-07 17:37:39+00:00,1.229,8.0,1.258,8.0
183,2025-10-07 17:37:40+00:00,2.578,3.0,5.747,3.0,184,2025-10-07 17:37:44+00:00,3.175,8.0,6.2,8.0
184,2025-10-07 17:37:45+00:00,2.187,3.0,9.25,3.0,185,2025-10-07 17:37:49+00:00,1.646,9.0,1.864,9.0
185,2025-10-07 17:37:50+00:00,2.298,3.0,3.4,3.0,186,2025-10-07 17:37:54+00:00,1.631,8.0,1.846,8.0
186,2025-10-07 17:37:55+00:00,1.718,3.0,1.811,3.0,187,2025-10-07 17:37:59+00:00,2.187,8.0,3.03,8.0
187,2025-10-07 17:38:00+00:00,1.429,3.0,1.495,3.0,188,2025-10-07 17:38:04+00:00,2.683,7.0,3.122,8.0
188,2025-10-07 17:38:05+00:00,2.711,4.0,4.538,4.0,189,2025-10-07 17:38:09+00:00,2.398,8.0,5.25,9.0
189,2025-10-07 17:38:10+00:00,2.234,4.0,3.117,4.0,190,2025-10-07 17:38:14+00:00,2.565,7.0,3.011,8.0
190,2025-10-07 17:38:15+00:00,2.731,4.0,3.923,4.0,191,2025-10-07 17:38:19+00:00,3.295,8.0,4.632,9.0
191,2025-10-07 17:38:20+00:00,2.436,4.0,2.88,4.0,192,2025-10-07 17:38:24+00:00,4.243,8.0,12.131,9.0
192,2025-10-07 17:38:25+00:00,2.431,4.0,3.534,4.0,193,2025-10-07 17:38:29+00:00,3.584,7.0,13.239,8.0
193,2025-10-07 17:38:30+00:00,2.626,4.0,9.868,4.0,194,2025-10-07 17:38:34+00:00,2.281,8.0,14.891,10.0
194,2025-10-07 17:38:35+00:00,2.957,3.0,4.162,3.0,195,2025-10-07 17:38:39+00:00,3.441,10.0,16.911,11.0
195,2025-10-07 17:38:40+00:00,2.109,3.0,2.566,3.0,196,2025-10-07 17:38:44+00:00,2.189,10.0,2.624,11.0
196,2025-10-07 17:38:45+00:00,3.272,3.0,11.127,3.0,197,2025-10-07 17:38:49+00:00,2.184,11.0,3.322,12.0
197,2025-10-07 17:38:50+00:00,3.037,3.0,6.488,3.0,198,2025-10-07 17:38:54+00:00,2.397,10.0,3.378,10.0
198,2025-10-07 17:38:55+00:00,2.743,3.0,3.108,3.0,199,2025-10-07 17:38:59+00:00,0.897,9.0,0.901,10.0
199,2025-10-07 17:39:00+00:00,3.291,2.0,6.763,3.0,200,2025-10-07 17:39:04+00:00,2.624,9.0,3.186,10.0
200,2025-10-07 17:39:05+00:00,2.851,3.0,4.841,3.0,201,2025-10-07 17:39:09+00:00,2.735,9.0,10.324,9.0
201,2025-10-07 17:39:10+00:00,2.134,4.0,2.755,4.0,202,2025-10-07 17:39:14+00:00,3.684,8.0,4.935,8.0
202,2025-10-07 17:39:15+00:00,3.567,5.0,5.62,5.0,203,2025-10-07 17:39:19+00:00,1.521,9.0,1.605,9.0
203,2025-10-07 17:39:20+00:00,2.899,5.0,44.132,5.0,204,2025-10-07 17:39:24+00:00,2.606,8.0,5.962,8.0
204,2025-10-07 17:39:25+00:00,1.76,4.0,16.269,4.0,205,2025-10-07 17:39:29+00:00,2.613,8.0,2.922,8.0
205,2025-10-07 17:39:30+00:00,2.694,4.0,3.828,4.0,206,2025-10-07 17:39:34+00:00,5.546,8.0,13.947,8.0
206,2025-10-07 17:39:35+00:00,2.55,4.0,3.18,4.0,207,2025-10-07 17:39:39+00:00,2.375,7.0,5.582,7.0
207,2025-10-07 17:39:40+00:00,0.827,4.0,0.827,5.0,208,2025-10-07 17:39:44+00:00,2.894,8.0,31.425,8.0
208,2025-10-07 17:39:45+00:00,1.886,4.0,2.291,5.0,209,2025-10-07 17:39:49+00:00,2.688,9.0,3.869,9.0
209,2025-10-07 17:39:50+00:00,3.933,4.0,12.534,5.0,210,2025-10-07 17:39:54+00:00,3.123,8.0,12.982,9.0
210,2025-10-07 17:39:55+00:00,3.657,3.0,6.856,5.0,211,2025-10-07 17:39:59+00:00,3.367,8.0,4.188,9.0
211,2025-10-07 17:40:00+00:00,3.772,3.0,5.803,5.0,212,2025-10-07 17:40:04+00:00,2.672,8.0,10.403,8.0
212,2025-10-07 17:40:05+00:00,2.153,4.0,2.425,5.0,213,2025-10-07 17:40:09+00:00,2.145,7.0,8.98,8.0
213,2025-10-07 17:40:10+00:00,3.241,4.0,3.804,5.0,214,2025-10-07 17:40:14+00:00,3.772,7.0,4.638,7.0
214,2025-10-07 17:40:15+00:00,2.454,3.0,2.945,3.0,215,2025-10-07 17:40:19+00:00,2.827,6.0,16.355,6.0
215,2025-10-07 17:40:20+00:00,1.967,3.0,2.095,3.0,216,2025-10-07 17:40:24+00:00,1.187,6.0,1.381,6.0
216,2025-10-07 17:40:25+00:00,2.239,4.0,3.19,4.0,217,2025-10-07 17:40:29+00:00,2.55,6.0,9.523,6.0
217,2025-10-07 17:40:30+00:00,3.3,4.0,6.622,4.0,218,2025-10-07 17:40:34+00:00,3.072,6.0,6.069,6.0
218,2025-10-07 17:40:35+00:00,2.403,4.0,3.608,4.0,219,2025-10-07 17:40:39+00:00,4.009,7.0,11.757,7.0
219,2025-10-07 17:40:40+00:00,1.23,4.0,1.296,4.0,220,2025-10-07 17:40:44+00:00,3.906,9.0,5.951,9.0
220,2025-10-07 17:40:45+00:00,2.699,4.0,3.218,4.0,221,2025-10-07 17:40:49+00:00,1.856,9.0,2.07,9.0
221,2025-10-07 17:40:50+00:00,3.717,4.0,8.175,4.0,222,2025-10-07 17:40:54+00:00,3.342,9.0,43.641,9.0
222,2025-10-07 17:40:55+00:00,2.011,4.0,9.979,4.0,223,2025-10-07 17:40:59+00:00,2.166,9.0,2.57,9.0
223,2025-10-07 17:41:00+00:00,2.139,3.0,2.457,4.0,224,2025-10-07 17:41:04+00:00,3.012,10.0,10.84,10.0
224,2025-10-07 17:41:05+00:00,1.983,3.0,2.262,4.0,225,2025-10-07 17:41:09+00:00,1.944,7.0,2.3,8.0
225,2025-10-07 17:41:10+00:00,3.636,3.0,14.116,4.0,226,2025-10-07 17:41:14+00:00,2.328,7.0,2.743,8.0
226,2025-10-07 17:41:15+00:00,2.827,3.0,3.635,5.0,227,2025-10-07 17:41:19+00:00,1.303,7.0,1.48,8.0
227,2025-10-07 17:41:20+00:00,3.661,4.0,14.281,6.0,228,2025-10-07 17:41:24+00:00,2.361,10.0,2.785,10.0
228,2025-10-07 17:41:25+00:00,3.354,5.0,7.293,6.0,229,2025-10-07 17:41:29+00:00,1.99,8.0,2.203,9.0
229,2025-10-07 17:41:30+00:00,3.295,5.0,5.339,5.0,230,2025-10-07 17:41:34+00:00,2.397,9.0,3.255,9.0
230,2025-10-07 17:41:35+00:00,3.111,4.0,3.789,4.0,231,2025-10-07 17:41:39+00:00,3.605,10.0,22.504,10.0
231,2025-10-07 17:41:40+00:00,4.184,4.0,5.693,4.0,232,2025-10-07 17:41:44+00:00,2.672,9.0,4.25,9.0
232,2025-10-07 17:41:45+00:00,1.362,5.0,1.578,5.0,233,2025-10-07 17:41:49+00:00,3.567,6.0,38.164,6.0
233,2025-10-07 17:41:50+00:00,5.931,6.0,11.758,9.0,234,2025-10-07 17:41:54+00:00,4.225,8.0,30.217,8.0
234,2025-10-07 17:41:55+00:00,2.957,6.0,4.187,8.0,235,2025-10-07 17:41:59+00:00,1.951,8.0,4.45,8.0
235,2025-10-07 17:42:00+00:00,2.51,6.0,3.167,8.0,236,2025-10-07 17:42:04+00:00,2.756,8.0,11.785,8.0
236,2025-10-07 17:42:05+00:00,2.381,5.0,5.451,8.0,237,2025-10-07 17:42:09+00:00,2.368,7.0,2.671,8.0
237,2025-10-07 17:42:10+00:00,1.697,4.0,2.613,6.0,238,2025-10-07 17:42:14+00:00,2.415,8.0,2.786,9.0
238,2025-10-07 17:42:15+00:00,3.819,4.0,26.419,6.0,239,2025-10-07 17:42:19+00:00,2.882,8.0,4.557,8.0
239,2025-10-07 17:42:20+00:00,2.485,3.0,3.101,5.0,240,2025-10-07 17:42:24+00:00,3.084,8.0,5.835,8.0
240,2025-10-07 17:42:25+00:00,2.747,4.0,5.681,5.0,241,2025-10-07 17:42:29+00:00,2.45,6.0,5.185,6.0
241,2025-10-07 17:42:30+00:00,2.96,4.0,3.596,5.0,242,2025-10-07 17:42:34+00:00,1.309,7.0,1.368,8.0
242,2025-10-07 17:42:35+00:00,1.859,4.0,8.784,5.0,243,2025-10-07 17:42:39+00:00,2.434,7.0,8.788,7.0
243,2025-10-07 17:42:40+00:00,1.376,3.0,1.419,5.0,244,2025-10-07 17:42:44+00:00,3.793,5.0,24.797,6.0
244,2025-10-07 17:42:45+00:00,3.567,3.0,20.052,4.0,245,2025-10-07 17:42:49+00:00,1.775,6.0,1.978,7.0
245,2025-10-07 17:42:50+00:00,2.437,3.0,10.748,4.0,246,2025-10-07 17:42:54+00:00,4.004,6.0,11.518,7.0
246,2025-10-07 17:42:55+00:00,2.092,4.0,5.153,4.0,247,2025-10-07 17:42:59+00:00,1.658,6.0,2.47,6.0
247,2025-10-07 17:43:00+00:00,1.45,4.0,1.495,4.0,248,2025-10-07 17:43:04+00:00,3.9,6.0,7.578,7.0
248,2025-10-07 17:43:05+00:00,3.8,3.0,31.227,4.0,249,2025-10-07 17:43:09+00:00,2.176,8.0,2.442,8.0
249,2025-10-07 17:43:10+00:00,2.78,3.0,18.936,3.0,250,2025-10-07 17:43:14+00:00,2.769,8.0,3.334,8.0
250,2025-10-07 17:43:15+00:00,1.56,3.0,1.776,3.0,251,2025-10-07 17:43:19+00:00,2.558,9.0,5.362,9.0
251,2025-10-07 17:43:20+00:00,3.306,3.0,13.863,3.0,252,2025-10-07 17:43:24+00:00,2.613,9.0,25.939,9.0
252,2025-10-07 17:43:25+00:00,2.137,4.0,25.919,4.0,253,2025-10-07 17:43:29+00:00,4.129,7.0,18.518,7.0
253,2025-10-07 17:43:30+00:00,2.774,4.0,28.935,4.0,254,2025-10-07 17:43:34+00:00,1.729,7.0,2.69,7.0
254,2025-10-07 17:43:35+00:00,3.53,3.0,9.825,3.0,255,2025-10-07 17:43:39+00:00,2.105,6.0,2.198,7.0
255,2025-10-07 17:43:40+00:00,2.827,3.0,5.816,3.0,256,2025-10-07 17:43:44+00:00,4.046,7.0,9.911,8.0
256,2025-10-07 17:43:45+00:00,3.403,4.0,11.093,4.0,257,2025-10-07 17:43:49+00:00,2.33,7.0,5.581,8.0
257,2025-10-07 17:43:50+00:00,1.958,4.0,9.404,4.0,258,2025-10-07 17:43:54+00:00,2.949,8.0,4.128,9.0
258,2025-10-07 17:43:55+00:00,2.211,5.0,2.493,5.0,259,2025-10-07 17:43:59+00:00,2.225,7.0,8.508,8.0
259,2025-10-07 17:44:00+00:00,1.002,6.0,1.007,6.0,260,2025-10-07 17:44:04+00:00,3.763,8.0,5.63,8.0
260,2025-10-07 17:44:05+00:00,2.35,6.0,5.276,6.0,261,2025-10-07 17:44:09+00:00,2.191,8.0,3.13,8.0
261,2025-10-07 17:44:10+00:00,1.182,5.0,1.39,6.0,262,2025-10-07 17:44:14+00:00,1.783,8.0,2.013,8.0
262,2025-10-07 17:44:15+00:00,2.399,4.0,3.51,5.0,263,2025-10-07 17:44:19+00:00,4.223,8.0,25.182,8.0
263,2025-10-07 17:44:20+00:00,4.113,3.0,19.428,4.0,264,2025-10-07 17:44:24+00:00,1.218,8.0,1.25,8.0
264,2025-10-07 17:44:25+00:00,1.814,3.0,2.721,4.0,265,2025-10-07 17:44:29+00:00,3.583,8.0,7.556,8.0
265,2025-10-07 17:44:30+00:00,3.17,3.0,4.202,4.0,266,2025-10-07 17:44:34+00:00,1.798,8.0,2.678,8.0
266,2025-10-07 17:44:35+00:00,2.422,3.0,2.866,4.0,267,2025-10-07 17:44:39+00:00,3.196,8.0,32.993,8.0
267,2025-10-07 17:44:40+00:00,1.882,3.0,9.18,4.0,268,2025-10-07 17:44:44+00:00,2.416,8.0,3.914,9.0
268,2025-10-07 17:44:45+00:00,1.826,3.0,2.724,4.0,269,2025-10-07 17:44:49+00:00,2.411,9.0,8.567,10.0
269,2025-10-07 17:44:50+00:00,2.955,3.0,3.612,3.0,270,2025-10-07 17:44:54+00:00,4.03,9.0,9.15,10.0
270,2025-10-07 17:44:55+00:00,1.707,3.0,1.961,3.0,271,2025-10-07 17:44:59+00:00,4.429,9.0,17.438,10.0
271,2025-10-07 17:45:00+00:00,1.449,3.0,2.301,3.0,272,2025-10-07 17:45:04+00:00,4.095,9.0,38.107,10.0
272,2025-10-07 17:45:05+00:00,1.074,4.0,1.108,4.0,273,2025-10-07 17:45:09+00:00,2.312,8.0,2.851,8.0
273,2025-10-07 17:45:10+00:00,1.425,4.0,1.491,4.0,274,2025-10-07 17:45:14+00:00,2.181,8.0,7.873,8.0
274,2025-10-07 17:45:15+00:00,2.926,3.0,6.716,3.0,275,2025-10-07 17:45:19+00:00,2.063,8.0,4.523,8.0
275,2025-10-07 17:45:20+00:00,2.983,3.0,6.22,3.0,276,2025-10-07 17:45:24+00:00,1.433,7.0,12.964,7.0
276,2025-10-07 17:45:25+00:00,1.41,3.0,1.426,4.0,277,2025-10-07 17:45:29+00:00,2.98,8.0,10.692,9.0
277,2025-10-07 17:45:30+00:00,4.916,4.0,8.248,4.0,278,2025-10-07 17:45:34+00:00,2.001,8.0,3.033,8.0
278,2025-10-07 17:45:35+00:00,3.634,3.0,14.681,3.0,279,2025-10-07 17:45:39+00:00,2.156,7.0,2.547,7.0
279,2025-10-07 17:45:40+00:00,1.97,2.0,9.426,2.0,280,2025-10-07 17:45:44+00:00,3.207,7.0,10.371,7.0
280,2025-10-07 17:45:45+00:00,4.322,1.0,6.715,1.0,281,2025-10-07 17:45:49+00:00,2.613,6.0,3.728,7.0
281,2025-10-07 17:45:50+00:00,2.177,1.0,3.26,1.0,282,2025-10-07 17:45:54+00:00,1.854,6.0,2.109,6.0
282,2025-10-07 17:45:55+00:00,3.162,1.0,14.057,2.0,283,2025-10-07 17:45:59+00:00,5.052,7.0,9.222,7.0
283,2025-10-07 17:46:00+00:00,1.36,2.0,1.395,3.0,284,2025-10-07 17:46:04+00:00,2.45,7.0,5.723,7.0
284,2025-10-07 17:46:05+00:00,4.386,3.0,15.026,4.0,285,2025-10-07 17:46:09+00:00,2.542,7.0,5.45,7.0
285,2025-10-07 17:46:10+00:00,2.082,4.0,9.561,4.0,286,2025-10-07 17:46:14+00:00,1.676,6.0,14.152,6.0
286,2025-10-07 17:46:15+00:00,5.011,4.0,9.113,4.0,287,2025-10-07 17:46:19+00:00,2.734,7.0,15.487,7.0
287,2025-10-07 17:46:20+00:00,4.633,3.0,9.772,3.0,288,2025-10-07 17:46:24+00:00,1.647,6.0,1.852,6.0
288,2025-10-07 17:46:25+00:00,0.931,3.0,0.94,3.0,289,2025-10-07 17:46:29+00:00,3.019,7.0,16.673,7.0
289,2025-10-07 17:46:30+00:00,2.711,3.0,6.538,5.0,290,2025-10-07 17:46:34+00:00,2.167,7.0,4.785,7.0
290,2025-10-07 17:46:35+00:00,2.142,4.0,25.645,5.0,291,2025-10-07 17:46:39+00:00,3.532,7.0,18.476,8.0
291,2025-10-07 17:46:40+00:00,2.057,3.0,2.489,5.0,292,2025-10-07 17:46:44+00:00,3.918,7.0,6.059,8.0
292,2025-10-07 17:46:45+00:00,2.259,3.0,2.56,4.0,293,2025-10-07 17:46:49+00:00,4.914,7.0,20.737,8.0
293,2025-10-07 17:46:50+00:00,1.751,3.0,2.024,4.0,294,2025-10-07 17:46:54+00:00,1.097,7.0,1.272,8.0
294,2025-10-07 17:46:55+00:00,2.741,4.0,4.761,5.0,295,2025-10-07 17:46:59+00:00,3.685,7.0,4.367,8.0
295,2025-10-07 17:47:00+00:00,3.38,4.0,6.848,5.0,296,2025-10-07 17:47:04+00:00,3.335,7.0,5.085,8.0
296,2025-10-07 17:47:05+00:00,1.561,4.0,1.66,4.0,297,2025-10-07 17:47:09+00:00,2.818,6.0,15.687,7.0
297,2025-10-07 17:47:10+00:00,3.304,4.0,4.842,4.0,298,2025-10-07 17:47:14+00:00,2.984,7.0,9.809,8.0
298,2025-10-07 17:47:15+00:00,2.499,4.0,4.515,4.0,299,2025-10-07 17:47:19+00:00,1.145,5.0,12.985,7.0
299,2025-10-07 17:47:20+00:00,1.983,3.0,2.398,3.0,300,2025-10-07 17:47:24+00:00,2.173,6.0,2.567,7.0
300,2025-10-07 17:47:25+00:00,4.081,3.0,12.786,3.0,301,2025-10-07 17:47:29+00:00,3.02,6.0,21.527,6.0
301,2025-10-07 17:47:30+00:00,1.424,4.0,1.491,4.0,302,2025-10-07 17:47:34+00:00,3.278,7.0,9.943,7.0
302,2025-10-07 17:47:35+00:00,1.748,3.0,4.745,4.0,303,2025-10-07 17:47:39+00:00,1.166,6.0,1.22,7.0
303,2025-10-07 17:47:40+00:00,5.764,3.0,10.829,4.0,304,2025-10-07 17:47:44+00:00,4.098,7.0,14.883,7.0
304,2025-10-07 17:47:45+00:00,1.419,2.0,1.494,3.0,305,2025-10-07 17:47:49+00:00,2.463,7.0,5.57,7.0
305,2025-10-07 17:47:50+00:00,4.576,3.0,6.413,4.0,306,2025-10-07 17:47:54+00:00,3.83,7.0,19.535,7.0
306,2025-10-07 17:47:55+00:00,3.32,3.0,20.509,4.0,307,2025-10-07 17:47:59+00:00,3.418,7.0,6.363,7.0
307,2025-10-07 17:48:00+00:00,2.354,3.0,31.197,4.0,308,2025-10-07 17:48:04+00:00,3.071,7.0,6.661,7.0
308,2025-10-07 17:48:05+00:00,2.354,3.0,20.979,4.0,309,2025-10-07 17:48:09+00:00,4.769,6.0,6.762,6.0
309,2025-10-07 17:48:10+00:00,3.221,4.0,39.309,5.0,310,2025-10-07 17:48:14+00:00,1.931,7.0,2.752,7.0
310,2025-10-07 17:48:15+00:00,2.322,4.0,2.767,5.0,311,2025-10-07 17:48:19+00:00,3.779,8.0,5.187,8.0
311,2025-10-07 17:48:20+00:00,2.176,4.0,5.067,4.0,312,2025-10-07 17:48:24+00:00,1.893,9.0,8.329,9.0
312,2025-10-07 17:48:25+00:00,1.706,4.0,1.797,4.0,313,2025-10-07 17:48:29+00:00,2.866,9.0,5.724,9.0
313,2025-10-07 17:48:30+00:00,1.631,4.0,24.584,4.0,314,2025-10-07 17:48:34+00:00,2.531,9.0,2.958,9.0
314,2025-10-07 17:48:35+00:00,3.24,4.0,18.7,4.0,315,2025-10-07 17:48:39+00:00,1.84,10.0,8.361,11.0
315,2025-10-07 17:48:40+00:00,3.426,4.0,19.447,4.0,316,2025-10-07 17:48:44+00:00,0.906,10.0,0.913,10.0
316,2025-10-07 17:48:45+00:00,1.929,4.0,9.321,4.0,317,2025-10-07 17:48:49+00:00,2.667,9.0,23.874,9.0
317,2025-10-07 17:48:50+00:00,4.088,4.0,8.408,4.0,318,2025-10-07 17:48:54+00:00,4.158,9.0,5.372,10.0
318,2025-10-07 17:48:55+00:00,4.041,4.0,19.138,4.0,319,2025-10-07 17:48:59+00:00,2.943,9.0,4.176,9.0
319,2025-10-07 17:49:00+00:00,1.239,4.0,8.156,4.0,320,2025-10-07 17:49:04+00:00,3.124,8.0,4.972,8.0
320,2025-10-07 17:49:05+00:00,1.481,5.0,1.704,5.0,321,2025-10-07 17:49:09+00:00,1.93,7.0,2.798,7.0
321,2025-10-07 17:49:10+00:00,3.435,5.0,4.935,5.0,322,2025-10-07 17:49:14+00:00,2.213,9.0,2.367,9.0
322,2025-10-07 17:49:15+00:00,2.611,5.0,4.343,5.0,323,2025-10-07 17:49:19+00:00,2.675,9.0,10.543,9.0
323,2025-10-07 17:49:20+00:00,2.131,5.0,16.052,5.0,324,2025-10-07 17:49:24+00:00,3.883,9.0,19.684,9.0
324,2025-10-07 17:49:25+00:00,3.008,4.0,4.938,4.0,325,2025-10-07 17:49:29+00:00,2.721,8.0,10.094,8.0
325,2025-10-07 17:49:30+00:00,1.11,4.0,1.143,4.0,326,2025-10-07 17:49:34+00:00,4.402,9.0,13.8,9.0
326,2025-10-07 17:49:35+00:00,3.472,3.0,11.713,4.0,327,2025-10-07 17:49:39+00:00,2.227,9.0,9.135,9.0
327,2025-10-07 17:49:40+00:00,2.085,4.0,41.842,4.0,328,2025-10-07 17:49:44+00:00,2.078,7.0,2.5,7.0
328,2025-10-07 17:49:45+00:00,2.339,4.0,3.602,5.0,329,2025-10-07 17:49:49+00:00,2.606,8.0,16.378,8.0
329,2025-10-07 17:49:50+00:00,4.018,4.0,8.773,4.0,330,2025-10-07 17:49:54+00:00,3.763,8.0,7.206,8.0
330,2025-10-07 17:49:55+00:00,2.749,3.0,2.944,4.0,331,2025-10-07 17:49:59+00:00,2.588,7.0,3.693,7.0
331,2025-10-07 17:50:00+00:00,2.798,3.0,3.383,4.0,332,2025-10-07 17:50:04+00:00,3.792,6.0,18.623,8.0
332,2025-10-07 17:50:05+00:00,3.443,4.0,5.75,4.0,333,2025-10-07 17:50:09+00:00,1.013,8.0,1.071,9.0
333,2025-10-07 17:50:10+00:00,1.036,5.0,1.071,5.0,334,2025-10-07 17:50:14+00:00,2.852,8.0,5.798,9.0
334,2025-10-07 17:50:15+00:00,2.479,5.0,5.746,5.0,335,2025-10-07 17:50:19+00:00,1.436,8.0,2.272,9.0
335,2025-10-07 17:50:20+00:00,4.653,5.0,10.207,5.0,336,2025-10-07 17:50:24+00:00,2.342,8.0,3.364,9.0
336,2025-10-07 17:50:25+00:00,1.627,4.0,4.746,4.0,337,2025-10-07 17:50:29+00:00,1.899,7.0,8.336,9.0
337,2025-10-07 17:50:30+00:00,3.05,4.0,8.075,4.0,338,2025-10-07 17:50:34+00:00,1.238,7.0,1.418,7.0
338,2025-10-07 17:50:35+00:00,1.844,4.0,2.1,4.0,339,2025-10-07 17:50:39+00:00,1.458,6.0,2.245,8.0
339,2025-10-07 17:50:40+00:00,3.351,4.0,4.653,4.0,340,2025-10-07 17:50:44+00:00,2.347,6.0,9.565,7.0
340,2025-10-07 17:50:45+00:00,3.345,4.0,11.735,4.0,341,2025-10-07 17:50:49+00:00,2.393,6.0,4.091,7.0
341,2025-10-07 17:50:50+00:00,2.956,3.0,4.4,3.0,342,2025-10-07 17:50:54+00:00,2.625,7.0,4.394,7.0
342,2025-10-07 17:50:55+00:00,2.387,3.0,3.624,3.0,343,2025-10-07 17:50:59+00:00,3.543,8.0,7.832,8.0
343,2025-10-07 17:51:00+00:00,2.306,3.0,2.475,3.0,344,2025-10-07 17:51:04+00:00,2.021,8.0,2.432,8.0
344,2025-10-07 17:51:05+00:00,5.822,4.0,15.117,4.0,345,2025-10-07 17:51:09+00:00,1.607,8.0,8.101,8.0
345,2025-10-07 17:51:10+00:00,3.995,4.0,5.71,4.0,346,2025-10-07 17:51:14+00:00,2.781,8.0,11.747,8.0
346,2025-10-07 17:51:15+00:00,2.865,4.0,19.49,4.0,347,2025-10-07 17:51:19+00:00,1.463,9.0,7.513,9.0
347,2025-10-07 17:51:20+00:00,1.314,3.0,1.356,3.0,348,2025-10-07 17:51:24+00:00,3.213,9.0,4.394,9.0
348,2025-10-07 17:51:25+00:00,4.934,3.0,8.557,3.0,349,2025-10-07 17:51:29+00:00,1.405,7.0,1.487,8.0
349,2025-10-07 17:51:30+00:00,3.584,3.0,5.978,3.0,350,2025-10-07 17:51:34+00:00,3.382,7.0,6.855,8.0
350,2025-10-07 17:51:35+00:00,3.048,4.0,4.424,4.0,351,2025-10-07 17:51:39+00:00,2.466,8.0,3.489,10.0
351,2025-10-07 17:51:40+00:00,1.282,4.0,1.324,4.0,352,2025-10-07 17:51:44+00:00,2.328,8.0,8.725,10.0
352,2025-10-07 17:51:45+00:00,2.297,3.0,40.995,3.0,353,2025-10-07 17:51:49+00:00,3.48,6.0,54.462,8.0
353,2025-10-07 17:51:50+00:00,2.617,3.0,3.14,3.0,354,2025-10-07 17:51:54+00:00,2.084,7.0,2.899,9.0
354,2025-10-07 17:51:55+00:00,2.127,3.0,2.47,3.0,355,2025-10-07 17:51:59+00:00,3.746,7.0,6.856,8.0
355,2025-10-07 17:52:00+00:00,2.62,3.0,3.891,3.0,356,2025-10-07 17:52:04+00:00,3.208,6.0,7.517,7.0
356,2025-10-07 17:52:05+00:00,1.281,3.0,1.324,3.0,357,2025-10-07 17:52:09+00:00,3.111,5.0,39.83,6.0
357,2025-10-07 17:52:10+00:00,1.082,3.0,1.088,4.0,358,2025-10-07 17:52:14+00:00,5.094,6.0,14.35,6.0
358,2025-10-07 17:52:15+00:00,3.152,3.0,4.62,4.0,359,2025-10-07 17:52:19+00:00,2.038,7.0,2.271,7.0
359,2025-10-07 17:52:20+00:00,3.709,4.0,22.822,4.0,360,2025-10-07 17:52:24+00:00,2.769,8.0,3.535,8.0
360,2025-10-07 17:52:25+00:00,0.77,4.0,0.771,4.0,361,2025-10-07 17:52:29+00:00,2.342,8.0,33.991,8.0
361,2025-10-07 17:52:30+00:00,1.621,4.0,4.575,4.0,362,2025-10-07 17:52:34+00:00,3.192,8.0,4.559,8.0
362,2025-10-07 17:52:35+00:00,2.518,4.0,10.19,4.0,363,2025-10-07 17:52:39+00:00,3.634,8.0,12.706,8.0
363,2025-10-07 17:52:40+00:00,4.019,4.0,15.297,4.0,364,2025-10-07 17:52:44+00:00,3.248,8.0,12.203,8.0
364,2025-10-07 17:52:45+00:00,2.526,3.0,3.015,3.0,365,2025-10-07 17:52:49+00:00,2.243,7.0,2.544,7.0
365,2025-10-07 17:52:50+00:00,2.652,3.0,3.768,3.0,366,2025-10-07 17:52:54+00:00,2.134,8.0,4.801,8.0
366,2025-10-07 17:52:55+00:00,2.84,3.0,10.945,3.0,367,2025-10-07 17:52:59+00:00,1.942,8.0,4.368,8.0
367,2025-10-07 17:53:00+00:00,2.313,3.0,3.366,3.0,368,2025-10-07 17:53:04+00:00,1.975,8.0,2.373,8.0
368,2025-10-07 17:53:05+00:00,3.213,3.0,11.374,3.0,369,2025-10-07 17:53:09+00:00,2.343,8.0,2.75,8.0
369,2025-10-07 17:53:10+00:00,1.758,3.0,4.804,3.0,370,2025-10-07 17:53:14+00:00,2.987,8.0,3.473,8.0
370,2025-10-07 17:53:15+00:00,2.767,3.0,6.181,4.0,371,2025-10-07 17:53:19+00:00,4.386,7.0,13.921,7.0
371,2025-10-07 17:53:20+00:00,3.329,4.0,4.86,4.0,372,2025-10-07 17:53:24+00:00,3.012,7.0,4.065,7.0
372,2025-10-07 17:53:25+00:00,2.658,4.0,6.076,4.0,373,2025-10-07 17:53:29+00:00,2.122,7.0,2.381,7.0
373,2025-10-07 17:53:30+00:00,1.932,3.0,2.211,3.0,374,2025-10-07 17:53:34+00:00,2.577,7.0,4.302,7.0
374,2025-10-07 17:53:35+00:00,4.331,3.0,5.798,3.0,375,2025-10-07 17:53:39+00:00,1.941,7.0,10.483,7.0
375,2025-10-07 17:53:40+00:00,1.948,3.0,17.737,3.0,376,2025-10-07 17:53:44+00:00,2.437,7.0,8.946,8.0
376,2025-10-07 17:53:45+00:00,3.589,2.0,20.435,3.0,377,2025-10-07 17:53:49+00:00,3.693,6.0,4.642,7.0
377,2025-10-07 17:53:50+00:00,1.637,1.0,1.896,1.0,378,2025-10-07 17:53:54+00:00,3.166,7.0,5.892,7.0
378,2025-10-07 17:53:55+00:00,2.376,0.0,2.737,0.0,379,2025-10-07 17:53:59+00:00,2.955,7.0,4.8,8.0
379,2025-10-07 17:54:00+00:00,2.609,0.0,10.65,1.0,380,2025-10-07 17:54:04+00:00,2.514,8.0,5.222,8.0
380,2025-10-07 17:54:05+00:00,2.448,1.0,2.772,2.0,381,2025-10-07 17:54:09+00:00,3.56,7.0,8.14,8.0
381,2025-10-07 17:54:10+00:00,2.196,1.0,2.644,2.0,382,2025-10-07 17:54:14+00:00,2.377,8.0,5.538,8.0
382,2025-10-07 17:54:15+00:00,3.127,2.0,9.024,2.0,383,2025-10-07 17:54:19+00:00,1.703,8.0,3.132,8.0
383,2025-10-07 17:54:20+00:00,4.049,3.0,26.901,3.0,384,2025-10-07 17:54:24+00:00,1.633,8.0,1.972,8.0
384,2025-10-07 17:54:25+00:00,2.812,4.0,12.418,4.0,385,2025-10-07 17:54:29+00:00,1.75,8.0,14.572,8.0
385,2025-10-07 17:54:30+00:00,0.787,4.0,0.792,4.0,386,2025-10-07 17:54:34+00:00,2.897,8.0,3.905,8.0
386,2025-10-07 17:54:35+00:00,2.28,4.0,3.405,4.0,387,2025-10-07 17:54:39+00:00,2.877,9.0,15.347,10.0
387,2025-10-07 17:54:40+00:00,3.308,4.0,6.777,5.0,388,2025-10-07 17:54:44+00:00,3.197,9.0,4.363,10.0
388,2025-10-07 17:54:45+00:00,4.089,4.0,5.399,4.0,389,2025-10-07 17:54:49+00:00,2.803,7.0,15.585,8.0
389,2025-10-07 17:54:50+00:00,5.106,4.0,16.963,4.0,390,2025-10-07 17:54:54+00:00,3.301,8.0,6.091,8.0
390,2025-10-07 17:54:55+00:00,2.256,4.0,2.72,4.0,391,2025-10-07 17:54:59+00:00,5.665,6.0,13.296,6.0
391,2025-10-07 17:55:00+00:00,3.266,4.0,4.504,4.0,392,2025-10-07 17:55:04+00:00,1.976,8.0,2.189,8.0
392,2025-10-07 17:55:05+00:00,2.657,4.0,3.09,4.0,393,2025-10-07 17:55:09+00:00,2.648,8.0,15.428,9.0
393,2025-10-07 17:55:10+00:00,2.047,4.0,16.779,4.0,394,2025-10-07 17:55:14+00:00,1.819,8.0,2.632,9.0
394,2025-10-07 17:55:15+00:00,3.658,5.0,9.875,5.0,395,2025-10-07 17:55:19+00:00,2.554,9.0,5.51,10.0
395,2025-10-07 17:55:20+00:00,3.747,4.0,12.04,4.0,396,2025-10-07 17:55:24+00:00,2.084,9.0,4.578,9.0
396,2025-10-07 17:55:25+00:00,1.689,3.0,4.749,3.0,397,2025-10-07 17:55:29+00:00,2.124,8.0,9.65,9.0
397,2025-10-07 17:55:30+00:00,1.991,3.0,2.07,3.0,398,2025-10-07 17:55:34+00:00,1.858,9.0,2.209,9.0
398,2025-10-07 17:55:35+00:00,3.853,3.0,20.35,3.0,399,2025-10-07 17:55:39+00:00,2.277,7.0,3.763,7.0
399,2025-10-07 17:55:40+00:00,1.722,3.0,1.82,3.0,400,2025-10-07 17:55:44+00:00,2.303,9.0,8.436,9.0
400,2025-10-07 17:55:45+00:00,2.71,2.0,18.052,2.0,401,2025-10-07 17:55:49+00:00,2.943,8.0,8.007,8.0
401,2025-10-07 17:55:50+00:00,2.754,3.0,9.531,3.0,402,2025-10-07 17:55:54+00:00,1.836,7.0,4.243,7.0
402,2025-10-07 17:55:55+00:00,3.035,3.0,3.907,3.0,403,2025-10-07 17:55:59+00:00,2.273,7.0,4.864,8.0
403,2025-10-07 17:56:00+00:00,1.995,3.0,2.941,3.0,404,2025-10-07 17:56:04+00:00,2.407,6.0,15.225,7.0
404,2025-10-07 17:56:05+00:00,3.225,3.0,6.697,3.0,405,2025-10-07 17:56:09+00:00,2.167,6.0,30.84,7.0
405,2025-10-07 17:56:10+00:00,3.773,3.0,9.168,3.0,406,2025-10-07 17:56:14+00:00,2.824,7.0,5.673,8.0
406,2025-10-07 17:56:15+00:00,1.598,3.0,1.861,3.0,407,2025-10-07 17:56:19+00:00,2.574,7.0,43.674,8.0
407,2025-10-07 17:56:20+00:00,0.889,3.0,0.897,3.0,408,2025-10-07 17:56:24+00:00,2.86,8.0,4.064,9.0
408,2025-10-07 17:56:25+00:00,2.231,3.0,9.363,3.0,409,2025-10-07 17:56:29+00:00,2.751,9.0,4.418,9.0
409,2025-10-07 17:56:30+00:00,3.715,3.0,7.235,3.0,410,2025-10-07 17:56:34+00:00,3.791,9.0,17.896,9.0
410,2025-10-07 17:56:35+00:00,2.266,3.0,5.285,3.0,411,2025-10-07 17:56:39+00:00,3.169,9.0,16.219,9.0
411,2025-10-07 17:56:40+00:00,2.198,3.0,39.754,3.0,412,2025-10-07 17:56:44+00:00,1.622,9.0,1.686,9.0
412,2025-10-07 17:56:45+00:00,0.919,3.0,0.951,3.0,413,2025-10-07 17:56:49+00:00,4.028,8.0,17.059,8.0
413,2025-10-07 17:56:50+00:00,2.189,3.0,2.495,3.0,414,2025-10-07 17:56:54+00:00,2.279,8.0,2.866,8.0
414,2025-10-07 17:56:55+00:00,1.832,3.0,4.755,3.0,415,2025-10-07 17:56:59+00:00,2.183,6.0,3.107,7.0
415,2025-10-07 17:57:00+00:00,2.488,3.0,3.141,3.0,416,2025-10-07 17:57:04+00:00,4.886,7.0,9.774,8.0
416,2025-10-07 17:57:05+00:00,2.766,3.0,18.297,3.0,417,2025-10-07 17:57:09+00:00,2.963,7.0,9.876,7.0
417,2025-10-07 17:57:10+00:00,2.451,3.0,17.581,3.0,418,2025-10-07 17:57:14+00:00,3.775,7.0,7.787,8.0
418,2025-10-07 17:57:15+00:00,1.997,4.0,9.57,4.0,419,2025-10-07 17:57:19+00:00,4.301,7.0,37.748,7.0
419,2025-10-07 17:57:20+00:00,1.831,4.0,2.078,4.0,420,2025-10-07 17:57:24+00:00,2.301,8.0,3.179,8.0
420,2025-10-07 17:57:25+00:00,2.835,4.0,4.173,4.0,421,2025-10-07 17:57:29+00:00,2.993,6.0,3.634,6.0
421,2025-10-07 17:57:30+00:00,1.482,4.0,1.729,4.0,422,2025-10-07 17:57:34+00:00,1.468,6.0,22.67,6.0
422,2025-10-07 17:57:35+00:00,2.665,3.0,3.04,4.0,423,2025-10-07 17:57:39+00:00,3.549,6.0,11.535,7.0
423,2025-10-07 17:57:40+00:00,2.585,3.0,10.812,3.0,424,2025-10-07 17:57:44+00:00,1.408,7.0,1.632,8.0
424,2025-10-07 17:57:45+00:00,1.184,3.0,1.385,3.0,425,2025-10-07 17:57:49+00:00,4.274,5.0,16.809,6.0
425,2025-10-07 17:57:50+00:00,3.795,4.0,6.108,4.0,426,2025-10-07 17:57:54+00:00,1.376,6.0,23.566,7.0
426,2025-10-07 17:57:55+00:00,2.63,4.0,3.905,4.0,427,2025-10-07 17:57:59+00:00,5.4,5.0,17.25,6.0
427,2025-10-07 17:58:00+00:00,1.921,3.0,15.947,3.0,428,2025-10-07 17:58:04+00:00,2.561,5.0,10.346,5.0
428,2025-10-07 17:58:05+00:00,1.455,3.0,1.523,3.0,429,2025-10-07 17:58:09+00:00,2.349,5.0,2.803,5.0
429,2025-10-07 17:58:10+00:00,2.308,3.0,2.641,3.0,430,2025-10-07 17:58:14+00:00,2.703,6.0,2.996,6.0
430,2025-10-07 17:58:15+00:00,4.026,3.0,6.947,3.0,431,2025-10-07 17:58:19+00:00,5.005,6.0,17.388,7.0
431,2025-10-07 17:58:20+00:00,2.718,3.0,3.837,3.0,432,2025-10-07 17:58:24+00:00,3.016,7.0,3.53,7.0
432,2025-10-07 17:58:25+00:00,3.744,4.0,14.446,4.0,433,2025-10-07 17:58:29+00:00,1.179,8.0,1.194,8.0
433,2025-10-07 17:58:30+00:00,2.637,3.0,3.98,3.0,434,2025-10-07 17:58:34+00:00,2.219,8.0,2.654,9.0
434,2025-10-07 17:58:35+00:00,2.673,3.0,4.537,3.0,435,2025-10-07 17:58:39+00:00,1.766,7.0,2.588,8.0
435,2025-10-07 17:58:40+00:00,1.686,2.0,2.633,2.0,436,2025-10-07 17:58:44+00:00,1.402,8.0,2.234,9.0
436,2025-10-07 17:58:45+00:00,2.086,3.0,3.22,3.0,437,2025-10-07 17:58:49+00:00,2.511,8.0,2.942,10.0
437,2025-10-07 17:58:50+00:00,2.847,2.0,30.406,3.0,438,2025-10-07 17:58:54+00:00,1.462,6.0,1.675,8.0
438,2025-10-07 17:58:55+00:00,2.304,3.0,5.446,3.0,439,2025-10-07 17:58:59+00:00,2.854,6.0,3.46,8.0
439,2025-10-07 17:59:00+00:00,4.016,3.0,5.469,3.0,440,2025-10-07 17:59:04+00:00,2.759,6.0,15.614,8.0
440,2025-10-07 17:59:05+00:00,3.149,4.0,7.214,4.0,441,2025-10-07 17:59:09+00:00,1.725,8.0,1.839,9.0
441,2025-10-07 17:59:10+00:00,3.648,4.0,12.981,4.0,442,2025-10-07 17:59:14+00:00,1.593,8.0,4.093,9.0
442,2025-10-07 17:59:15+00:00,2.843,3.0,3.406,3.0,443,2025-10-07 17:59:19+00:00,4.218,8.0,39.715,8.0
443,2025-10-07 17:59:20+00:00,4.255,2.0,15.426,2.0,444,2025-10-07 17:59:24+00:00,4.031,8.0,34.231,8.0
444,2025-10-07 17:59:25+00:00,2.677,2.0,6.667,2.0,445,2025-10-07 17:59:29+00:00,1.659,7.0,1.893,7.0
445,2025-10-07 17:59:30+00:00,1.786,2.0,2.216,3.0,446,2025-10-07 17:59:34+00:00,1.838,7.0,13.988,7.0
446,2025-10-07 17:59:35+00:00,2.01,3.0,3.168,4.0,447,2025-10-07 17:59:39+00:00,1.475,7.0,13.3,7.0
447,2025-10-07 17:59:40+00:00,2.564,2.0,2.899,3.0,448,2025-10-07 17:59:44+00:00,2.842,6.0,3.928,6.0
448,2025-10-07 17:59:45+00:00,2.576,2.0,3.961,3.0,449,2025-10-07 17:59:49+00:00,1.98,7.0,2.791,7.0
449,2025-10-07 17:59:50+00:00,2.92,2.0,6.772,2.0,450,2025-10-07 17:59:54+00:00,4.152,7.0,11.389,7.0
450,2025-10-07 17:59:55+00:00,3.16,2.0,3.725,2.0,451,2025-10-07 17:59:59+00:00,2.88,7.0,3.912,7.0
451,2025-10-07 18:00:00+00:00,3.724,2.0,7.758,2.0,452,2025-10-07 18:00:04+00:00,3.226,6.0,40.733,6.0
452,2025-10-07 18:00:05+00:00,5.74,2.0,47.535,2.0,453,2025-10-07 18:00:09+00:00,2.859,6.0,4.161,6.0
453,2025-10-07 18:00:10+00:00,1.634,2.0,10.222,3.0,454,2025-10-07 18:00:14+00:00,2.242,6.0,3.251,6.0
454,2025-10-07 18:00:15+00:00,3.546,3.0,4.523,3.0,455,2025-10-07 18:00:19+00:00,1.447,6.0,1.483,6.0
455,2025-10-07 18:00:20+00:00,2.901,4.0,12.231,6.0,456,2025-10-07 18:00:24+00:00,2.017,4.0,8.714,4.0
456,2025-10-07 18:00:25+00:00,5.014,4.0,10.791,7.0,457,2025-10-07 18:00:29+00:00,3.542,5.0,7.871,6.0
457,2025-10-07 18:00:30+00:00,2.935,3.0,4.883,5.0,458,2025-10-07 18:00:34+00:00,3.102,5.0,10.078,6.0
458,2025-10-07 18:00:35+00:00,1.02,3.0,1.053,4.0,459,2025-10-07 18:00:39+00:00,1.905,4.0,2.025,5.0
459,2025-10-07 18:00:40+00:00,1.023,3.0,35.012,3.0,460,2025-10-07 18:00:44+00:00,2.091,6.0,3.0,6.0
460,2025-10-07 18:00:45+00:00,1.516,3.0,1.764,3.0,461,2025-10-07 18:00:49+00:00,1.922,6.0,2.177,6.0
461,2025-10-07 18:00:50+00:00,2.136,3.0,2.629,3.0,462,2025-10-07 18:00:54+00:00,3.783,6.0,21.085,6.0
462,2025-10-07 18:00:55+00:00,3.838,2.0,8.899,2.0,463,,,,,
